 <pre>

 Contingency table for Cloud cover (octas)
 Selection: ALL    602 stations
Period: 20230114-20230214
Used {00,03,...,21} + 01 02 ... 36
 Limits   0.500000000       1.50000000       2.50000000       3.50000000       4.50000000       5.50000000       6.50000000       7.50000000    
 Each class is data <= limit, the very last > last limit
 Total number of values      875799
                                                       OBSERVATION
                                  83454     8641     5417     4541     3384     4008     4202     9649    27117 |    150413
                                   8862     1528     1097     1068      876     1140     1376     3719     8153 |     27819
                                   5156      860      676      644      533      667      907     2327     5123 |     16893
                                   4101      768      533      574      447      558      729     1888     4380 |     13978
                          e411     3724      702      524      495      425      558      692     1944     4290 |     13354
                                   3892      753      549      556      464      601      747     2086     4867 |     14515
                                   5242      998      703      773      580      793     1045     2895     7004 |     20033
                                   8060     1545     1033     1154      967     1304     1654     5208    12535 |     33460
                                  39349    10018     6456     8166     6749    11149    14258    88583   400606 |    585334

                    SUM          161840    25813    16988    17971    14425    20778    25610   118299   474075 |    875799
                                                       OBSERVATION
                                  82309     8326     5239     4326     3242     3870     4003     8830    24491 |    144636
                                   8805     1571     1106     1057      890     1042     1326     3485     7639 |     26921
                                   5202      870      669      639      486      663      828     2215     4909 |     16481
                                   4112      761      544      552      444      548      729     1876     4052 |     13618
                          e427     3740      720      507      497      435      534      735     1920     3990 |     13078
                                   3959      794      513      580      472      596      736     2175     4635 |     14460
                                   5313      980      689      752      573      774      944     2729     6562 |     19316
                                   8289     1577     1084     1151      956     1308     1651     5012    12228 |     33256
                                  40111    10214     6637     8417     6927    11443    14658    90057   405569 |    594033

                    SUM          161840    25813    16988    17971    14425    20778    25610   118299   474075 |    875799

