 <pre>

 Contingency table for Cloud cover (octas)
 Selection: ALL    598 stations
Period: 20230114-20230122
Used {00,03,...,21} + 01 02 ... 36
 Limits   0.500000000       1.50000000       2.50000000       3.50000000       4.50000000       5.50000000       6.50000000       7.50000000    
 Each class is data <= limit, the very last > last limit
 Total number of values      219474
                                                       OBSERVATION
                                  13119     1944     1230     1148      897     1077     1009     2704     9812 |     32940
                                   1422      333      239      267      253      329      323     1081     2033 |      6280
                                    850      184      142      167      141      171      224      640     1303 |      3822
                                    714      150      132      155      104      153      176      558     1173 |      3315
                          e411      679      170      143      123      121      146      169      555     1140 |      3246
                                    689      185      123      142      136      181      184      601     1277 |      3518
                                    872      209      166      193      159      190      268      853     1706 |      4616
                                   1288      354      223      272      232      304      389     1429     3022 |      7513
                                   6605     2182     1425     1921     1730     3033     3601    26335   107392 |    154224

                    SUM           26238     5711     3823     4388     3773     5584     6343    34756   128858 |    219474
                                                       OBSERVATION
                                  12619     1839     1192     1078      874     1072      972     2473     8756 |     30875
                                   1416      342      231      252      209      268      284      967     1899 |      5868
                                    835      194      131      163      124      162      197      565     1218 |      3589
                                    708      161      142      140      126      125      176      529     1021 |      3128
                          e427      690      153      117      145      121      148      156      523     1052 |      3105
                                    714      189      113      147      122      167      166      633     1264 |      3515
                                    890      215      153      159      158      216      228      780     1668 |      4467
                                   1427      341      240      300      246      306      407     1360     2992 |      7619
                                   6939     2277     1504     2004     1793     3120     3757    26926   108988 |    157308

                    SUM           26238     5711     3823     4388     3773     5584     6343    34756   128858 |    219474

