 <pre>

 Contingency table for Rh2m (%)
 Selection: ALL   1061 stations
Period: 20230114-20230214
Used {00,03,...,21} + 00 01 ... 36
 Limits    30.0000000       50.0000000       65.0000000       75.0000000       85.0000000       95.0000000       100.000000    
 Each class is data <= limit, the very last > last limit
 Total number of values     2007551
                                              OBSERVATION
                                    101       62       15        7       14        5        0        0 |       204
                                   1255     3754     3164     2077     2416      837       38        0 |     13541
                                    206     7350    30310    19714    16227    10838     1193        0 |     85838
                          e411       22     2226    32953    67944    57612    32947     5266        0 |    198970
                                      1      821    17142    80505   212062   179107    27544        0 |    517182
                                      0      166     4221    28439   168303   511410   176626        0 |    889165
                                      0       18      306     1913    13459   100818   186030        0 |    302544
                                      0        0        0        0        4       43       60        0 |       107

                    SUM            1585    14397    88111   200599   470097   836005   396757        0 |   2007551
                                              OBSERVATION
                                    108       70       22        3       18        5        0        0 |       226
                                   1244     3747     3099     1856     2232      765       33        0 |     12976
                                    202     7245    29118    18443    14771     9599     1018        0 |     80396
                          e427       26     2267    33047    65609    54128    30177     4790        0 |    190044
                                      5      870    17970    82075   208459   171704    25678        0 |    506761
                                      0      181     4526    30570   176284   517829   173245        0 |    902635
                                      0       17      329     2043    14201   105893   191930        0 |    314413
                                      0        0        0        0        4       33       63        0 |       100

                    SUM            1585    14397    88111   200599   470097   836005   396757        0 |   2007551

