 <pre>

 Contingency table for Visibility (m)
 Selection: ALL    714 stations
Period: 20230114-20230214
Used {00,03,...,21} + 00 01 ... 36
 Limits    1000.00000       5000.00000       10000.0000       20000.0000    
 Each class is data <= limit, the very last > last limit
 Total number of values     1224672
                                     OBSERVATION
                                   9273    12668     5812     4973     3303 |     36029
                                  11871    63472    44862    54382    50070 |    224657
                          e411     4531    28012    43150    90542   128527 |    294762
                                   2068    12550    28730    86194   216477 |    346019
                                   2723    13060    27346    81434   198642 |    323205

                    SUM           30466   129762   149900   317525   597019 |   1224672
                                     OBSERVATION
                                   9627    13366     5986     5162     3755 |     37896
                                  11964    63884    45688    55954    52241 |    229731
                          e427     4342    27597    43202    91868   131138 |    298147
                                   1940    12136    28123    84661   214151 |    341011
                                   2593    12779    26901    79880   195734 |    317887

                    SUM           30466   129762   149900   317525   597019 |   1224672

