 <pre>

 Contingency table for U10m (m/s)
 Selection: ALL   1011 stations
Period: 20230114-20230214
Used {00,03,...,21} + 00 01 ... 36
 Limits    1.50000000       3.29999995       5.50000000       8.00000000       10.8000002       13.8999996       24.5000000    
 Each class is data <= limit, the very last > last limit
 Total number of values     1906389
                                              OBSERVATION
                                 170227    56438     7964     1403      241       19        2        0 |    236294
                                 177676   268447    71694     9534     2459      393       30        0 |    530233
                                  32531   179826   222696    66665     8747     2408      166        1 |    513040
                          e411     4251    28858   111574   137682    43227     6736     1101        0 |    333429
                                    662     3425    15675    54543    69439    29071     4233        2 |    177050
                                     58      491     1829     6783    19905    34590    16444        3 |     80103
                                      5       21       92      612     2342     8361    24490      258 |     36181
                                      0        0        0        0        0        1       38       20 |        59

                    SUM          385410   537506   431524   277222   146360    81579    46504      284 |   1906389
                                              OBSERVATION
                                 170004    55914     7725     1390      248       22        4        0 |    235307
                                 178006   268461    71320     9550     2473      404       24        0 |    530238
                                  32480   180369   223206    66754     8739     2437      178        1 |    514164
                          e427     4208    28891   111951   138275    43993     6854     1085        0 |    335257
                                    653     3351    15442    53997    69194    29657     4377        2 |    176673
                                     55      491     1788     6658    19355    33864    16202        3 |     78416
                                      4       29       92      598     2358     8340    24595      257 |     36273
                                      0        0        0        0        0        1       39       21 |        61

                    SUM          385410   537506   431524   277222   146360    81579    46504      284 |   1906389

