 <pre>

 Contingency table for Visibility (m)
 Selection: ALL    706 stations
Period: 20230114-20230122
Used {00,03,...,21} + 00 01 ... 36
 Limits    1000.00000       5000.00000       10000.0000       20000.0000    
 Each class is data <= limit, the very last > last limit
 Total number of values      309881
                                     OBSERVATION
                                   2215     3332     1423     1203      751 |      8924
                                   3787    19692    13885    16026    11289 |     64679
                          e411     1700     7692    11466    24277    34430 |     79565
                                    930     3542     7155    17667    51127 |     80421
                                    999     3607     7088    18858    45740 |     76292

                    SUM            9631    37865    41017    78031   143337 |    309881
                                     OBSERVATION
                                   2411     3476     1420     1206      944 |      9457
                                   3878    19884    14141    16478    12033 |     66414
                          e427     1603     7556    11607    24394    34769 |     79929
                                    839     3396     6886    17435    50612 |     79168
                                    900     3553     6963    18518    44979 |     74913

                    SUM            9631    37865    41017    78031   143337 |    309881

